3515
3639
4633
12090
14881
17864
18110
20383
20512
21975
22693
24114
26429
28566
29794
30746
32609
33244
37651
38095
38293
38835
43006
43977
47491
50187
51582
55650
57237
58995
60005
60785
63538
64802
69736
70383
70751
74708
79867
88818
89513
89813
89828
96026
98266
101730
103662
103934
108740
109868
110093
118977
119369
121943
123697
123812
124379
127372
130116
132540
135867
137271
138115
139621
141193
143221
146867
154551
158306
161653
161792
166533
172160
172639
177218
178836
182740
185285
189914
196195
197751
204356
212676
218134
218627
225720
230325
235746
240838
242986
245855
245922
246164
250989
257372
258195
259514
262562
265716
266265
272518
272658
273037
278351
278845
279161
279524
284926
286262
286514
287248
294366
302252
303358
305617
305790
309706
310794
311018
312144
312354
313551
315156
319515
325436
328007
328389
329497
329718
331943
332172
333126
336718
339282
339407
339439
343429
344562
344648
350252
353307
354726
356100
357438
359457
365011
365281
368815
371542
373068
374103
376899
378409
379069
379364
379833
380755
382007
383612
385485
386118
387878
395187
396498
404656
413965
417346
417376
419066
419562
419691
423084
429539
429788
430247
430617
430868
432575
433597
442999
446772
448483
451008
453976
454014
454346
454669
456250
456517
456926
457462
462440
464894
466958
467754
468111
468158
472222
472595
473541
474003
475600
476786
477580
485375
487754
491016
494283
494958
495571
497453
499588
503819
504136
507818
512264
519792
520590
521008
527515
528438
529009
531251
531854
532211
539022
542942
545165
545443
545514
550623
550743
553302
554107
554834
556740
557314
558460
559335
562645
563923
564152
565079
566303
566682
568114
568991
569461
572531
574894
576921
579030
587704
587924
589710
591354
594525
594808
597965
602008
602498
603187
605728
606179
607470
611212
613838
614090
614145
616048
616162
623202
625541
627656
635287
635775
638072
641755
641923
642327
645892
646344
648743
648904
650434
656391
657324
657865
659400
661113
663205
667603
668051
668504
668749
672973
672993
673954
677729
678782
680563
681969
682476
683068
683465
685180
685355
686400
693011
694450
696036
697479
698005
699856
700782
702504
705087
706294
706818
709025
709150
709189
712073
712099
715525
720011
721495
721510
722014
722891
723288
723616
723693
729736
730032
734464
740280
742685
743726
746590
746814
749935
750454
750876
751167
753317
756580
759525
760623
762810
763120
763679
764283
764965
765536
767820
769667
773984
775499
775637
776187
776590
778747
782136
782905
783480
785779
786434
790458
790734
792300
792332
794475
795172
798625
799281
808249
808287
808480
812655
815368
816843
817540
820137
821306
824395
827570
835100
835850
836575
838982
839875
842057
844129
846111
849004
850121
851339
852554
856869
857208
859158
859229
860725
862092
862497
863948
866863
872406
872578
873134
873752
874415
876214
876670
877535
882081
882977
883288
883587
884094
885770
888219
888471
889239
889280
889402
890636
890952
891399
893015
893198
893967
901661
902344
902962
908542
908618
910736
910916
917622
919484
920581
922696
929496
932294
936149
937201
937861
941641
944005
945514
946765
949880
950223
950916
952596
952667
956223
959053
960533
964021
966275
966637
969274
969659
970715
971838
972418
980904
988325
990621
992288
994840
999892
1001804
1005883
1006409
1008046
1009594
1009832
1009849
1010714
1015701
1018863
1022356
1022550
1024775
1027803
1030182
1030378
1036646
1037792
1039245
1040184
1041440
1042802
1044373
1046065
1046103
1047205
1049654
1049902
1050548
1053425
1053482
1054822
1055998
1059251
1063333
1063637
1065333
1066845
1068405
1069429
1072034
1079422
1081035
1081077
1082083
1084035
1091232
1091878
1092671
1092836
1094318
1100655
1102189
1104235
1107771
1107809
1113473
1114154
1114986
1120819
1123541
1134358
1135068
1135474
1135662
1136423
1138633
1138686
1139354
1140036
1146096
1146246
1152103
1158779
1161726
1163425
1164127
1165670
1166999
1171561
1181966
1182092
1182538
1186229
1188634
1190438
1192133
1196301
1203693
1209479
1211059
1217804
1218545
1219397
1219433
1220519
1226237
1228292
1228786
1229632
1237181
1241283
1241690
1242244
1245033
1246047
1247958
1249931
1253592
1255932
1260298
1262652
1263143
1265681
1266393
1266512
1271819
1272364
1273629
1274861
1276516
1277947
1279986
1282283
1286619
1287953
1288851
1289215
1293174
1295288
1299724
1301090
1301404
1304094
1305973
1307803
1308135
1310828
1312853
1312877
1313322
1314294
1314878
1316379
1317642
1319838
1322654
1323473
1328583
1341010
1342573
1344330
1344592
1346755
1349751
1355887
1357175
1360043
1363524
1363817
1365606
1367986
1370192
1371062
1380404
1381270
1384136
1384197
1384907
1385277
1386638
1399956
1402399
1405712
1405861
1407553
1411191
1412972
1414397
1415110
1417735
1419783
1422011
1423616
1423758
1425027
1430713
1432904
1441883
1442319
1443790
1447668
1448335
1453900
1456715
1456739
1458040
1460388
1465192
1465383
1470686
1471814
1472325
1472405
1474096
1476346
1479224
1480522
1483293
1483538
1485317
1486452
1490165
1490220
1490230
1490346
1490455
1490696
1492883
1493481
1494612
1495760
1496377
1500999
1502201
1503051
1503288
1506645
1508038
1508139
1508569
1509710
1514082
1514317
1515717
1527593
1529298
1529480
1530428
1531680
1536425
1539001
1543068
1544331
1544946
1546671
1552330
1552789
1552919
1553648
1555479
1555487
1557515
1558483
1562319
1566182
1567924
1568063
1578752
1579526
1579940
1579959
1588945
1591368
1591959
1592410
1592982
1594264
1596748
1598120
1600024
1600071
1600718
1604294
1606012
1606993
1608921
1611520
1613342
1614056
1614879
1616026
1616277
1617263
1618532
1619904
1627119
1628713
1630549
1631100
1631588
1633486
1635692
1635718
1636111
1636188
1640310
1641146
1641277
1641856
1642472
1643008
1646232
1647349
1648252
1649486
1649890
1650433
1654604
1655584
1659175
1660300
1661582
1662314
1663878
1669319
1671286
1673907
1675234
1683396
1684517
1686896
1687349
1688210
1688310
1697269
1698888
1701262
1701533
1703080
1703571
1707439
1707938
1710346
1712458
1713764
1716534
1717457
1720234
1729351
1730037
1730571
1732658
1736388
1737098
1742393
1746511
1746882
1747182
1747784
1748447
1751796
1752054
1753315
1754816
1755784
1756570
1760285
1761658
1766159
1768441
1772078
1774044
1775077
1779095
1779253
1779697
1780224
1786651
1788253
1790618
1790768
1790935
1792584
1793417
1793511
1797311
1800868
1803212
1805601
1806765
1806824
1806974
1807386
1808001
1809230
1809263
1811876
1811982
1812409
1812855
1814294
1815828
1818083
1823629
1823864
1823876
1826046
1827046
1828256
1830619
1833348
1835107
1837495
1837592
1838369
1838514
1844352
1845975
1849533
1850386
1850934
1851161
1855326
1856835
1858455
1858649
1860403
1862148
1865817
1872215
1873479
1876069
1877028
1878815
1879372
1880160
1883221
1883475
1885130
1896922
1898018
1900087
1901111
1901313
1902573
1903072
1903931
1908129
1909659
1913827
1915258
1916549
1918385
1921413
1921775
1922364
1922516
1924902
1925477
1925723
1926118
1926798
1926915
1927965
1929010
1929824
1930006
1930229
1931506
1934638
1934706
1935485
1936061
1937788
1937792
1940340
1941446
1941532
1945538
1945759
1946060
1946711
1947781
1949359
1950329
1951209
1953801
1955541
1956419
1957083
1958128
1962672
1965755
1966003
1967034
1967868
1969264
1970564
1970857
1977320
1981469
1982748
1982772
1983376
1984795
1987051
1987113
1987389
1987563
1987854
1990647
1990893
1990974
1991273
1991632
1996085
1999453
2001897
2003181
2003199
2003766
2004619
2007905
2008591
2009259
2009643
2009950
2010724
2010875
2016400
2017180
2023297
2024352
2027516
2028463
2030602
2034021
2035037
2035126
2035234
2036254
2037067
2037419
2038420
2039160
2040040
2042380
2049228
2049632
2050479
2052258
2058542
2060876
2062353
2065518
2065617
2069602
2072558
2073483
2073672
2073819
2077111
2080935
2082877
2085411
2086619
2087293
2092859
2093502
2094777
2095961
2096057
2097483
2097795
2100600
2100645
2100822
2101148
2101482
2103122
2103696
2104979
2105417
2105956
2106251
2108076
2109482
2111611
2112618
2115072
2116149
2117562
2119547
2121068
2122198
2125257
2126568
2127333
2127558
2128298
2135487
2135814
2136814
2148222
2150373
2154895
2157934
2160682
2160977
2162535
2165236
2168761
2171117
2176491
2177863
2185204
2185715
2186506
2187131
2189340
2190019
2193502
2194669
2195266
2195641
2199283
2199333
2199548
2205651
2212609
2215501
2219179
2222218
2222692
2224693
2226214
2234411
2237504
2238308
2238757
2239304
2244549
2245416
2247705
2248428
2250642
2251673
2257119
2259074
2259153
2260657
2268435
2270172
2271330
2275049
2275066
2275506
2275898
2276082
2276638
2278207
2278626
2279160
2282516
2284596
2284609
2285174
2286803
2292586
2293144
2293199
2293529
2297027
2298242
2299730
2300788
2301003
2303947
2304503
2304787
2305995
2307821
2308171
2313764
2316909
2318228
2325811
2325945
2326726
2329448
2329598
2331475
2332371
2332798
2333454
2335288
2337156
2339449
2339996
2340136
2342619
2342675
2344427
2344579
2344768
2347689
2349469
2351115
2351572
2353818
2354964
2357441
2358410
2360422
2368177
2368252
2369812
2374027
2374423
2374911
2375251
2375414
2376548
2380781
2381218
2385089
2390907
2394469
2397681
2400658
2401352
2402856
2403295
2404693
2406090
2407739
2408231
2408497
2408975
2413071
2414145
2416650
2421964
2423136
2424211
2425572
2432361
2433406
2433975
2435898
2437063
2443580
2444420
2446372
2447492
2449303
2449645
2450694
2452939
2452954
2453162
2454475
2459265
2462528
2466379
2467418
2469044
2474207
2477194
2478465
2482490
2485423
2486079
2487433
2487478
2488108
2489017
2494968
2496626
2502561
2517578
2517896
2520964
2522775
2525936
2530403
2530509
2531081
2534028
2534099
2534976
2535620
2539011
2540635
2542387
2544647
2544653
2545005
2545895
2556005
2556541
2556766
2561094
2563722
2565417
2569239
2572712
2581340
2581882
2582435
2583257
2583666
2588622
2589554
2589894
2593875
2594707
2596808
2596997
2601360
2603882
2604332
2606829
2609993
2610399
2612212
2613385
2614009
2617594
2618631
2618814
2622038
2624669
2624692
2625640
2630305
2632083
2633166
2635577
2635633
2635643
2637035
2640192
2641231
2642779
2644212
2645072
2645074
2646668
2653491
2654707
2655122
2655232
2657522
2660905
2664526
2664870
2665872
2665884
2670435
2671912
2677290
2678180
2681368
2684786
2687936
2688084
2688338
2694408
2694569
2696302
2697344
2697482
2700499
2705155
2706706
2708240
2709021
2709173
2719164
2720335
2721419
2725157
2726572
2726590
2729846
2730627
2731967
2733539
2736418
2738190
2739375
2739405
2739559
2745691
2746957
2749323
2749579
2751167
2754357
2762435
2763871
2764829
2764999
2765485
2765532
2769700
2769706
2770800
2770887
2771808
2773066
2773443
2774339
2774683
2776708
2776980
2777280
2778198
2781515
2781629
2782478
2785494
2786646
2788390
2790692
2791015
2791525
2791625
2791854
2792224
2793164
2794943
2796394
2799211
2800190
2801128
2801168
2811925
2813212
2816820
2818335
2819376
2820888
2822943
2822981
2825331
2829494
2830563
2832765
2832775
2835525
2836392
2836958
2839274
2842423
2845306
2846787
2848337
2850096
2850212
2850580
2850869
2852914
2853105
2854179
2856074
2859194
2860465
2860766
2863782
2866450
2866723
2867587
2869140
2870008
2872148
2872454
2874182
2875338
2876691
2877233
2877899
2878548
2881480
2885208
2889412
2891800
2892960
2893294
2894067
2894816
2895057
2896951
2897420
2901765
2902166
2905612
2905790
2908663
2908948
2911055
2911272
2915943
2917500
2918624
2918626
2918823
2920057
2921534
2923113
2923438
2926019
2929501
2931425
2937042
2937196
2937427
2938177
2938273
2939181
2941283
2945200
2948831
2951250
2951570
2951794
2951806
2952599
2953230
2954460
2956189
2957190
2959207
2959324
2962726
2966163
2966588
2967471
2967547
2973170
2973847
2973996
2979550
2980150
2983903
2984720
2984971
2987502
2991101
2991635
2991713
2997047
3000958
3002021
3005710
3008742
3009203
3011692
3012126
3015100
3020819
3021614
3023259
3024396
3025415
3030123
3030915
3031346
3033921
3034742
3036455
3039132
3039263
3041667
3045117
3047191
3051072
3055938
3058019
3070872
3070970
3071974
3072261
3072977
3073175
3073603
3076342
3077998
3079015
3079803
3081618
3082463
3083843
3084085
3085234
3087366
3087696
3089217
3090560
3094964
3096417
3096480
3097097
3097335
3097720
3102776
3103299
3103382
3104345
3104680
3106592
3108602
3110243
3112828
3112834
3116048
3121646
3125140
3128039
3129968
3130163
3133622
3135402
3136823
3137067
3141253
3142366
3143292
3147253
3149190
3150172
3150416
3151043
3151848
3154087
3158274
3160023
3160352
3164430
3166746
3170895
3175928
3177546
3179295
3181045
3181631
3183036
3183228
3184572
3186827
3187066
3187639
3189519
3197219
3197443
3197686
3199943
3200694
3201070
3201415
3202247
3202656
3204226
3211361
3212079
3215562
3219761
3221098
3221317
3231018
3231037
3232128
3232524
3234312
3240074
3243134
3244075
3252730
3252885
3255431
3258223
3260534
3260901
3263855
3264497
3265995
3275903
3282241
3283107
3283407
3284403
3284729
3287514
3290830
3292092
3294568
3298063
3299712
3300334
3301422
3302235
3305443
3313176
3313545
3314171
3318407
3319876
3321722
3321865
3321943
3323121
3324281
3330212
3331690
3335323
3336419
3339022
3340169
3340590
3342608
3342995
3345869
3348490
3352857
3360687
3364729
3368476
3371035
3372724
3374355
3375593
3377467
3384071
3388359
3392867
3393044
3393629
3394655
3395655
3397464
3400624
3406267
3410771
3412433
3416401
3420347
3422293
3422538
3426552
3426774
3426802
3428417
3430411
3430918
3436912
3439646
3441859
3441916
3444731
3449535
3452785
3455442
3457976
3458460
3461572
3462028
3464576
3464692
3467844
3468445
3472213
3474502
3476387
3479036
3480993
3483734
3486868
3492277
3493107
3493981
3495128
3496585
3500876
3503464
3504436
3510373
3519095
3520184
3522690
3523007
3525684
3526231
3528312
3528374
3528624
3528899
3530786
3537000
3537375
3538113
3538321
3539003
3539015
3539768
3542109
3543745
3544054
3544830
3545983
3547016
3547610
3549783
3554703
3557560
3559091
3563216
3563553
3564034
3570252
3570477
3571185
3571680
3575291
3575571
3575828
3576610
3579915
3580631
3582414
3584015
3584816
3585335
3585440
3586285
3588309
3590185
3590844
3592008
3594555
3594997
3596510
3602310
3603978
3607740
3612567
3612824
3612927
3615073
3615402
3615887
3616789
3617188
3626979
3632410
3633736
3633911
3634359
3635302
3638693
3640896
3641380
3641522
3642119
3643622
3647570
3649175
3654543
3654642
3655021
3660745
3660828
3663452
3671964
3672169
3677612
3687149
3688501
3691861
3691944
3692085
3693428
3693727
3697959
3698553
3698899
3702265
3704320
3712941
3714015
3714417
3715658
3720378
3723624
3726325
3726884
3727769
3730709
3732448
3734549
3740569
3742175
3744967
3746493
3746580
3750363
3750589
3751361
3753677
3764050
3765221
3765404
3768612
3770224
3771715
3771993
3778998
3780177
3780772
3786769
3788850
3790345
3791888
3793980
3794986
3795588
3797929
3799003
3799332
3808990
3811558
3811679
3817374
3818635
3819080
3819165
3821786
3827737
3827747
3828246
3831126
3831729
3834534
3834676
3835718
3836739
3838433
3839246
3840692
3843295
3844293
3847216
3849369
3851216
3853588
3855195
3856648
3858249
3859414
3861827
3863010
3867815
3868862
3877124
3879100
3881710
3884161
3888223
3890614
3891578
3893709
3896382
3899415
3900124
3902805
3908454
3910100
3911537
3911898
3917232
3917245
3918495
3924634
3925385
3927137
3934661
3935161
3936161
3936978
3938397
3940135
3940202
3942176
3944348
3946346
3946719
3947655
3947784
3948093
3949153
3949881
3950195
3957012
3958485
3958702
3959504
3962421
3964233
3967526
3968607
3972769
3975899
3982487
3982592
3983464
3988380
3991437
3992367
3994670
3994954
3995018
3995085
3998471
3998928
4000660
4000763
4003965
4008787
4010628
4011166
4016059
4019667
4020019
4021503
4023994
4026191
4028534
4029877
4029890
4032138
4033772
4037097
4037474
4037486
4040064
4040890
4041343
4047225
4050726
4051099
4052673
4057168
4063177
4063896
4064742
4064849
4066162
4069026
4070749
4072194
4073783
4074349
4074680
4075814
4078615
4080815
4084011
4085314
4085675
4087820
4089100
4089498
4091822
4095773
4096330
4098532
4103947
4106893
4108671
4115129
4115852
4118221
4118623
4118681
4119572
4120628
4127730
4130260
4131892
4134279
4137362
4138394
4141013
4143458
4143841
4144834
4145493
4147433
4150724
4152581
4152617
4154255
4160011
4160236
4160741
4162844
4162955
4162999
4163681
4165570
4165947
4167278
4167547
4168581
4171288
4171436
4172616
4176771
4177100
4177712
4177945
4179591
4180100
4187118
4188643
4189216
4189778
4190048
4199683
4200328
4200803
4201927
4203128
4203432
4204017
4204326
4209955
4210433
4213277
4214238
4215726
4226093
4226434
4228406
4228807
4229115
4230797
4231384
4232922
4240622
4243322
4244375
4244933
4246864
4251443
4254278
4255586
4259649
4264638
4265936
4267322
4267398
4270264
4271008
4271209
4272628
4277132
4277915
4278619
4279239
4279502
4280951
4283922
4284828
4287991
4288397
4289035
4290154
4292782
4294931
4297306
4299839
4300963
4302574
4302596
4307318
4310892
4310929
4311600
4312922
4317096
4318971
4319608
4320184
4321073
4322873
4326296
4329287
4330005
4330026
4330300
4330861
4331273
4334221
4335330
4338530
4340235
4340761
4341446
4342212
4348529
4350380
4350908
4352357
4353678
4359745
4359956
4361959
4363606
4363617
4364047
4365061
4365803
4369214
4369382
4370045
4373166
4373261
4375204
4378270
4380075
4381060
4383107
4383816
4384459
4385452
4389023
4390372
4390848
4396875
4397657
4397826
4403487
4406906
4408771
4410675
4413563
4416255
4426559
4431218
4431696
4433597
4434936
4435054
4436860
4437174
4438278
4441644
4446908
4448760
4449135
4450453
4450909
4451891
4451985
4454225
4455909
4459842
4460531
4460968
4467049
4467935
4473496
4474183
4476206
4482734
4483931
4484698
4490005
4490889
4491214
4491307
4492851
4495597
4495697
4497315
4502587
4506765
4508600
4508872
4513098
4513346
4514426
4514571
4523068
4528398
4529608
4530633
4531907
4535308
4535677
4536973
4538600
4538766
4539230
4541206
4542356
4542969
4548491
4549104
4553363
4554714
4556089
4559990
4560442
4562814
4563590
4566368
4568243
4569634
4572903
4575780
4578383
4580972
4581481
4582874
4583439
4584225
4586465
4587748
4588150
4592547
4594369
4595303
4596364
4597622
4598573
4600892
4606826
4608635
4608811
4610445
4611383
4612810
4613050
4613207
4617502
4617925
4619003
4619992
4622369
4623987
4628616
4629879
4632126
4632334
4633980
4637776
4640098
4644527
4646111
4650010
4653637
4654756
4656592
4657016
4660575
4663359
4664049
4665778
4666048
4667044
4669887
4670071
4672881
4674248
4676110
4678540
4680437
4686001
4686804
4687106
4691749
4694153
4698428
4701086
4701469
4702213
4706600
4707732
4709143
4710592
4713884
4713892
4715495
4715861
4724468
4725425
4728273
4729407
4729592
4732035
4732269
4733292
4736474
4737852
4738821
4740060
4749031
4749071
4763897
4768217
4768802
4772964
4773121
4774527
4774625
4774853
4780597
4783330
4786229
4787029
4787642
4790866
4792089
4794346
4794876
4795842
4795956
4796861
4798299
4800928
4802032
4802050
4802756
4808854
4814240
4814795
4825150
4827306
4828246
4829565
4838816
4839398
4839501
4841273
4844620
4844862
4845488
4845830
4846742
4847645
4848442
4848697
4848848
4849259
4850719
4850768
4853885
4860159
4861394
4861780
4862446
4864856
4869564
4873942
4878049
4878628
4882123
4882207
4884402
4886997
4888482
4889029
4889884
4891073
4892975
4894585
4896727
4898289
4900034
4902060
4914433
4915871
4916437
4916443
4918476
4920454
4921544
4924436
4927897
4933662
4936271
4943405
4943443
4947618
4947640
4951498
4951969
4952308
4957655
4958686
4960381
4961403
4964837
4965152
4965274
4968238
4969112
4975654
4976500
4979158
4983242
4983598
4985590
4987303
4990928
4992594
4994353
4999018
5000542
5001019
5001070
5001076
5001395
5003704
5004785
5005055
5006288
5008777
5011288
5012211
5014201
5014298
5014521
5015124
5015640
5017367
5021859
5025832
5026359
5026870
5029617
5031392
5031665
5031727
5034939
5038390
5042710
5043086
5044203
5044711
5047489
5047529
5050005
5053087
5053106
5059716
5061427
5062616
5063635
5065935
5068128
5068763
5074015
5078460
5079056
5083819
5087997
5089312
5095208
5096339
5098686
5099905
5100068
5103278
5110497
5114869
5115754
5118338
5121614
5124706
5132007
5134489
5138219
5140044
5140334
5141021
5143370
5144366
5151047
5159383
5161406
5162472
5165974
5167105
5169694
5170785
5173144
5173521
5174603
5177032
5180105
5182200
5185939
5187128
5189348
5189886
5189921
5190592
5194137
5195858
5196657
5198186
5202007
5204817
5211776
5212870
5214014
5215589
5216455
5223151
5223683
5228215
5237276
5238811
5240243
5241296
5242424
5245072
5246267
5248340
5248459
5250408
5250819
5252652
5252906
5255142
5259865
5260834
5262181
5262470
5262943
5267295
5268100
5271868
5275679
5276069
5276940
5279985
5280594
5283006
5285054
5285873
5285934
5286767
5287993
5291005
5291479
5292109
5299077
5299799
5305212
5306508
5306863
5311584
5311671
5316019
5317739
5319708
5322242
5323739
5324877
5325188
5325685
5328631
5329789
5330193
5332645
5336083
5339073
5342570
5349934
5356447
5356699
5360273
5360505
5364324
5364559
5364638
5367268
5369498
5372358
5373091
5374248
5374296
5376630
5379108
5379572
5379595
5384687
5384874
5385966
5390511
5391178
5391835
5392400
5397562
5400055
5400299
5400383
5403951
5404424
5405652
5416358
5416754
5418749
5428375
5431827
5432217
5433743
5435924
5437242
5437312
5439008
5439574
5440561
5442500
5444498
5445594
5445848
5446456
5448163
5453722
5454253
5456041
5456493
5458319
5458536
5459511
5466225
5467734
5469942
5472139
5474588
5477301
5479285
5480641
5482185
5482852
5482855
5484797
5486057
5489453
5491260
5491771
5493684
5495474
5498581
5499044
5500369
5500422
5503245
5505904
5506780
5514721
5515347
5516380
5517165
5518064
5518844
5522569
5524662
5527527
5531200
5533876
5539203
5540880
5542800
5546525
5547917
5548023
5550532
5551167
5551277
5556468
5556475
5559026
5559334
5560011
5560737
5561255
5563338
5568266
5570972
5571046
5571471
5577274
5578393
5578805
5579768
5581362
5584078
5586437
5590246
5592622
5594230
5595875
5596225
5597587
5600548
5600769
5602370
5605620
5607055
5608458
5609216
5609447
5610941
5613119
5614100
5614264
5617436
5618978
5620588
5620991
5626067
5628702
5629499
5631990
5634641
5635808
5637880
5640828
5642634
5643284
5644136
5644903
5646203
5648413
5649235
5651423
5651805
5656091
5656390
5656779
5658323
5658350
5660589
5662645
5663432
5663466
5664089
5666882
5667619
5671837
5672658
5673425
5674602
5675438
5678314
5678959
5679662
5680090
5685454
5686105
5689484
5694122
5694829
5696258
5696688
5698672
5703301
5704545
5714531
5718110
5718838
5719000
5721960
5723029
5730089
5735855
5739038
5739617
5739650
5739813
5740709
5744487
5746269
5747852
5749715
5750045
5751427
5752431
5752646
5754133
5754316
5754717
5757271
5757726
5757843
5758835
5760943
5767552
5768212
5768277
5769066
5769570
5770587
5772802
5775534
5775585
5778130
5786177
5787240
5788484
5790940
5793436
5795855
5800758
5801293
5801619
5802802
5804446
5806576
5807500
5808570
5812315
5816000
5823740
5828474
5828871
5828982
5829704
5832168
5834365
5840757
5841402
5842898
5846205
5849013
5856035
5857369
5860287
5862088
5862440
5862883
5865719
5866662
5867264
5867294
5871365
5874110
5878809
5880292
5881510
5882135
5882927
5883169
5886249
5886297
5887040
5888274
5889327
5892441
5894584
5897667
5898383
5902206
5903738
5903959
5904515
5906290
5907922
5910045
5914988
5915594
5916548
5917448
5922782
5924803
5925205
5927047
5927953
5929710
5930827
5933250
5943517
5943911
5944360
5948732
5955241
5955589
5959017
5963367
5963485
5963652
5965229
5965460
5965997
5968532
5970691
5976585
5977381
5977714
5978591
5980480
5980509
5981140
5981297
5983702
5984300
5985987
5989240
5990269
5991262
5992665
5993584
5995563
5996117
6000520
6004440
6005662
6008115
6008213
6008923
6009339
6010040
6010756
6011691
6012882
6017878
6025960
6026520
6027239
6027927
6030875
6032111
6033374
6034578
6037643
6039984
6041321
6041936
6045899
6047762
6054746
6057023
6057259
6057714
6057994
6058726
6059226
6059650
6060937
6066534
6067028
6070508
6073907
6074527
6075673
6077782
6078580
6079526
6080153
6080727
6081112
6082423
6086220
6086702
6087753
6092819
6095335
6096630
6097841
6097904
6100504
6101648
6103676
6103977
6105886
6108911
6108939
6111868
6111969
6113312
6115734
6116820
6118368
6120587
6121728
6124649
6125811
6128208
6128471
6133781
6136631
6137216
6138972
6139752
6140920
6144460
6150464
6151385
6152117
6153476
6155159
6156232
6156652
6156899
6160495
6163451
6164532
6165742
6165868
6178833
6179878
6180796
6182762
6184957
6188746
6192360
6200838
6201277
6201958
6203249
6209287
6209595
6210552
6211803
6216706
6221717
6222653
6227140
6227551
6228346
6231956
6233021
6236885
6242248
6243212
6247739
6248513
6248722
6251404
6252309
6254479
6257841
6259280
6259744
6260506
6260526
6267499
6267937
6268307
6269509
6269884
6271873
6273243
6274788
6274841
6279136
6279522
6281971
6285182
6285470
6288724
6290176
6290273
6291129
6294006
6294412
6298792
6299165
6300003
6300185
6300752
6306031
6306590
6308785
6309825
6312293
6313337
6315257
6316545
6316726
6317819
6320209
6321155
6321556
6322706
6323125
6324769
6327234
6330463
6334557
6336900
6339575
6348736
6351398
6351438
6359606
6362835
6364242
6366700
6366985
6375040
6380344
6382379
6382485
6383983
6385675
6387122
6387741
6387842
6388928
6389997
6391577
6392691
6393835
6398267
6398580
6400300
6401123
6402456
6408911
6409187
6409568
6409857
6411600
6414634
6419991
6420227
6423132
6423908
6425794
6426437
6427366
6433062
6433334
6434286
6435160
6435873
6437817
6439032
6445695
6451502
6454255
6457258
6458044
6458051
6473252
6473585
6475144
6475594
6475667
6476611
6480670
6480845
6481549
6485901
6486958
6487153
6487619
6489656
6490097
6491575
6495476
6497826
6498613
6498715
6501037
6501703
6502296
6506368
6506583
6507400
6508725
6509406
6512831
6513127
6517611
6518072
6520379
6521539
6523166
6523901
6526991
6527224
6528961
6529738
6533246
6533697
6536848
6539045
6539334
6541348
6541453
6544041
6546744
6547150
6547314
6554496
6554878
6559081
6559616
6559693
6566151
6566880
6568204
6568672
6574197
6577472
6577754
6579278
6580406
6580775
6581307
6583265
6586504
6594161
6595717
6600063
6601157
6602716
6603653
6606794
6606917
6612161
6614168
6614311
6614887
6617686
6618049
6623207
6625241
6627317
6628855
6628870
6629953
6630981
6631688
6632192
6633577
6635554
6636856
6637322
6637356
6637775
6638144
6638826
6638869
6640455
6641980
6645514
6647565
6648048
6648136
6650836
6652425
6652500
6654834
6660297
6661840
6662349
6667429
6668441
6669686
6672285
6672685
6679441
6682427
6682563
6683596
6685839
6687307
6688179
6692536
6693416
6693877
6695804
6695851
6696187
6696448
6697266
6697880
6698369
6701649
6702422
6703962
6704127
6704335
6705927
6706714
6706948
6709684
6711235
6712038
6712649
6713112
6714116
6714926
6717581
6717946
6720230
6721879
6722670
6726308
6726603
6730022
6730658
6731717
6731866
6740790
6742310
6744027
6744679
6745009
6746225
6747709
6747837
6750639
6751585
6755304
6755969
6756369
6757499
6760688
6768389
6769568
6785809
6788524
6791334
6791689
6796640
6804654
6804809
6811544
6813914
6814464
6817956
6820386
6822927
6823212
6832235
6836228
6840082
6844122
6844316
6845138
6846658
6849818
6852947
6852956
6857776
6857801
6858239
6859420
6859928
6862352
6863097
6863118
6865575
6868743
6869655
6870282
6873371
6874348
6880108
6884643
6886303
6887983
6889520
6890300
6893120
6897203
6903146
6904689
6906991
6914331
6916361
6916421
6917718
6919244
6919961
6921795
6921810
6924166
6926455
6927078
6928480
6931402
6931728
6932354
6935762
6945690
6946283
6947775
6950554
6950624
6953391
6956296
6960788
6961580
6964242
6973933
6974278
6974514
6974651
6975098
6977833
6978844
6980703
6982212
6983761
6984152
6985844
6986081
6986412
6988497
6990379
6996080
6998123
6998715
7001929
7002969
7006707
7011796
7013626
7017976
7018795
7019119
7023497
7024821
7027271
7029253
7030807
7031950
7032955
7034872
7035469
7036397
7036741
7039691
7039694
7043968
7046370
7046594
7050003
7050966
7054017
7054817
7055716
7057805
7059427
7063074
7068989
7071151
7072835
7072911
7076327
7079346
7089590
7091771
7095425
7095845
7100505
7101667
7103689
7105514
7108337
7110629
7111753
7119300
7121709
7122246
7126127
7129507
7130767
7132268
7134135
7134453
7135061
7136460
7139064
7141187
7141282
7142048
7144729
7145819
7146851
7146917
7152849
7154081
7156927
7157157
7158387
7161816
7164192
7164431
7165606
7165622
7168037
7169497
7169600
7173005
7173697
7173932
7178198
7182684
7185100
7185983
7186557
7188825
7191183
7199793
7204355
7205589
7207114
7207188
7208184
7209047
7210905
7212596
7214242
7217534
7220227
7221704
7221912
7225034
7225529
7225717
7226520
7229770
7230334
7231915
7235232
7235541
7236172
7239524
7244047
7244801
7247010
7247671
7249146
7255389
7256821
7258424
7258917
7259541
7259710
7260881
7261115
7264158
7265491
7266245
7268606
7271179
7278498
7280573
7280616
7280978
7281544
7285223
7286667
7288720
7289920
7290191
7293218
7299760
7302126
7303737
7304505
7306272
7308809
7311108
7311973
7312431
7316168
7316330
7318072
7320801
7325048
7325341
7328658
7329055
7329465
7332735
7333292
7339283
7340620
7343912
7344093
7344458
7345734
7346959
7348198
7351583
7353638
7356196
7356807
7362417
7362475
7362730
7363074
7364771
7364904
7365649
7365996
7366668
7368369
7369891
7377512
7380006
7381952
7382038
7382244
7383623
7386527
7386813
7387847
7390580
7391799
7392871
7392959
7393904
7393984
7394115
7394847
7398992
7401389
7401437
7404933
7405103
7406961
7407101
7408892
7409193
7409741
7410071
7411644
7412054
7413013
7414789
7415059
7415343
7415829
7417743
7418898
7419609
7420456
7421899
7422491
7422524
7426223
7426734
7426862
7426897
7429586
7430014
7434090
7434379
7436281
7437509
7439403
7439423
7439455
7440907
7445023
7445639
7447938
7453864
7460729
7461028
7462900
7469299
7469949
7470651
7479857
7480138
7480508
7481599
7482524
7483580
7485916
7490866
7492869
7496276
7498018
7500031
7501105
7501859
7502216
7502733
7505904
7507690
7508699
7509097
7510893
7515009
7521037
7521873
7525873
7526955
7528004
7529365
7533440
7535134
7535498
7537748
7539346
7539822
7546373
7548114
7552151
7552966
7553247
7553367
7556959
7557916
7559746
7562428
7566741
7568385
7577194
7578245
7579291
7579507
7581210
7582064
7582365
7583110
7583876
7591550
7593715
7593838
7594386
7595373
7595574
7596650
7597608
7602461
7602865
7604006
7605696
7605955
7607733
7610978
7611042
7616214
7616908
7621753
7627425
7629591
7630683
7631057
7631916
7632030
7632575
7635186
7637615
7638966
7640064
7641344
7643658
7644599
7645265
7645900
7646265
7648015
7648132
7648827
7650792
7651927
7652977
7654368
7658546
7659590
7661300
7661487
7663696
7666589
7667314
7667405
7669565
7671934
7674332
7674740
7676790
7678382
7679857
7679866
7681288
7682738
7683624
7684225
7688630
7691602
7694961
7697938
7698619
7700008
7700797
7702188
7704224
7704339
7704360
7706831
7711209
7712465
7717764
7720301
7721901
7724543
7724976
7728199
7733879
7735121
7740459
7743706
7744005
7746859
7747250
7749662
7750099
7753053
7754066
7754621
7755285
7757859
7758085
7760883
7761429
7761745
7766226
7767171
7771861
7773890
7774125
7774797
7778892
7780533
7780728
7783505
7788129
7792113
7795152
7796125
7796269
7798562
7801191
7802702
7805787
7816486
7816856
7817052
7818244
7820000
7820192
7822801
7828126
7828290
7834674
7840534
7841551
7846026
7847711
7853203
7854458
7854633
7864224
7864677
7868905
7871586
7873795
7874871
7877020
7877429
7880570
7881067
7887923
7888068
7888492
7889791
7890908
7891021
7892366
7897183
7898169
7898337
7903019
7905884
7909031
7909252
7912801
7913620
7914138
7914719
7921150
7926690
7928017
7928210
7928260
7930358
7930850
7934265
7937812
7938321
7938632
7939968
7940646
7941072
7943182
7946477
7948097
7949543
7950710
7953850
7955549
7958071
7961436
7963569
7964241
7964340
7968691
7970693
7971967
7976762
7981024
7985441
7985587
7985723
7987588
7988512
7990274
7991256
7995279
7995720
7998200
7999230
8001298
8007784
8008401
8009840
8016029
8018953
8020003
8020205
8020264
8020394
8023668
8025647
8026538
8026858
8028447
8028489
8033437
8036021
8037495
8038408
8042027
8042495
8045858
8046912
8048780
8054117
8054593
8054597
8055265
8055373
8057539
8058654
8059954
8060051
8061080
8065956
8067895
8077206
8077573
8077699
8082298
8082496
8083345
8085510
8085917
8091169
8094037
8098294
8099071
8100102
8100659
8100699
8102457
8109607
8111625
8111918
8112794
8118476
8121039
8122314
8123346
8123352
8126412
8132753
8133879
8133892
8134369
8136036
8139536
8143673
8143850
8146827
8148081
8148728
8149735
8150004
8153178
8153881
8154978
8156219
8164844
8166471
8167878
8168273
8171867
8173129
8174328
8175211
8177111
8178031
8179805
8183097
8183974
8186287
8188668
8188851
8189374
8190773
8191922
8192075
8197675
8199088
8202032
8202266
8205122
8208991
8209775
8210043
8214634
8216030
8216234
8220133
8220737
8224530
8229725
8230217
8231631
8232443
8234546
8235813
8242387
8243612
8244854
8245772
8248861
8248908
8255126
8256467
8257237
8258478
8258604
8259708
8262713
8262752
8268671
8270118
8270489
8272259
8272706
8274371
8274797
8275243
8276526
8279318
8283228
8285941
8286946
8286965
8287058
8288697
8289655
8291398
8298612
8299907
8300018
8305753
8306861
8310114
8312113
8312809
8315353
8317097
8317849
8317946
8319008
8326352
8331446
8333100
8334106
8335194
8341381
8342279
8342396
8343008
8344483
8346131
8346577
8347320
8348993
8349549
8351466
8353471
8357195
8364992
8365297
8366213
8371948
8373814
8374012
8375218
8376504
8379040
8379840
8381500
8384770
8385596
8389226
8397286
8400191
8403482
8410893
8413027
8413596
8413616
8415036
8418975
8421689
8423266
8425203
8427570
8427721
8433371
8434321
8437373
8441513
8442129
8444101
8444469
8445021
8449100
8450890
8451182
8452097
8454106
8454445
8455477
8464481
8465738
8467122
8468174
8470195
8470314
8470650
8475006
8482031
8483166
8484738
8486019
8487432
8488805
8492335
8499797
8504304
8504791
8506701
8507567
8510543
8510763
8511554
8518361
8518481
8519336
8519655
8522035
8522992
8524121
8525618
8530716
8533098
8533174
8534273
8534388
8535522
8536704
8540017
8542365
8545908
8546176
8548469
8548602
8551383
8555842
8557310
8558275
8558800
8559311
8559663
8560874
8561279
8561454
8568141
8568162
8568893
8571467
8571581
8571612
8572755
8574219
8576141
8578105
8579685
8580954
8582317
8582451
8582762
8583887
8584778
8586279
8586326
8591443
8591688
8594096
8597552
8599292
8601070
8603194
8608689
8611450
8612493
8618298
8620687
8622889
8623503
8624161
8625873
8626874
8629047
8630389
8630517
8631038
8631252
8636880
8637793
8639288
8639763
8640029
8640560
8642426
8644517
8650798
8654895
8657250
8658803
8659801
8660163
8663176
8667992
8671361
8672086
8673966
8674585
8675141
8677084
8683525
8684202
8684514
8685063
8686793
8690847
8694399
8695206
8696161
8696190
8696501
8698006
8698767
8701649
8705633
8706208
8706542
8708731
8711488
8711929
8712309
8712565
8713244
8715977
8716254
8718251
8723893
8725592
8726927
8727439
8727554
8730258
8731933
8738295
8739867
8740237
8747654
8748960
8749303
8749524
8751480
8757469
8757874
8761912
8764210
8767693
8769117
8773885
8775153
8775783
8777352
8779634
8782686
8783117
8785194
8786357
8795243
8796351
8796964
8799692
8800130
8801752
8803733
8804149
8804979
8806979
8807776
8808019
8809283
8812794
8818478
8823684
8824298
8825389
8826416
8826601
8833103
8834400
8835105
8835441
8836214
8838654
8846398
8846935
8849061
8851462
8851908
8851995
8852902
8854764
8856301
8857704
8857818
8858005
8860138
8860305
8862956
8864329
8865666
8865689
8865841
8867183
8867319
8867541
8867868
8870400
8872486
8872589
8874279
8874504
8876359
8879854
8880362
8880716
8881344
8882074
8883204
8884074
8885309
8890032
8890094
8890705
8891599
8892849
8894179
8895027
8895340
8896854
8897989
8898538
8902415
8902588
8903366
8904655
8907488
8910087
8911075
8912229
8914153
8918018
8923521
8929147
8929285
8932541
8934468
8935010
8935368
8937793
8937984
8940522
8942737
8943886
8944387
8944594
8946084
8946190
8951663
8952739
8953925
8960023
8962160
8964044
8964504
8966006
8966433
8975033
8976685
8977595
8977871
8978915
8981157
8982715
8982751
8985225
8990281
8992032
8992309
8992416
8993821
8993970
8994496
9004270
9008031
9009432
9016278
9017687
9020655
9027740
9031304
9034892
9038844
9039381
9039808
9047764
9048908
9051517
9055682
9059950
9061545
9064054
9064240
9064609
9065319
9066471
9067139
9067770
9069135
9072289
9080073
9080543
9080621
9082240
9083910
9085017
9088020
9088493
9090214
9091949
9092013
9093015
9094966
9097208
9097493
9102719
9104875
9109680
9109878
9110106
9111600
9116221
9118127
9120140
9122122
9122279
9127174
9127986
9128370
9128809
9131411
9134244
9134299
9134667
9138785
9142053
9142368
9146894
9149777
9154083
9158455
9160989
9162819
9165653
9170561
9172051
9172650
9176503
9176917
9178840
9179820
9180625
9183488
9184905
9186050
9187548
9188127
9188461
9191010
9194721
9195071
9195216
9198484
9200322
9203518
9204519
9206389
9209348
9209510
9211570
9211624
9214279
9214607
9219157
9219195
9220280
9222975
9223511
9227185
9227628
9231081
9232166
9232747
9233652
9242116
9249797
9250049
9251025
9251369
9255166
9256926
9258015
9258276
9259035
9262532
9263155
9263809
9266383
9270568
9274014
9275927
9278278
9279562
9281070
9282504
9287082
9288522
9291279
9291604
9294126
9302983
9305810
9306471
9308156
9309018
9310898
9313889
9316441
9324208
9324528
9325272
9329001
9329442
9329718
9334924
9337537
9340284
9340378
9340464
9340919
9342867
9345960
9352537
9353377
9353475
9361050
9363174
9363706
9368683
9371283
9373200
9375644
9378800
9383375
9390817
9395997
9396119
9401554
9403816
9404997
9405620
9406987
9408477
9408699
9410205
9411288
9415150
9415758
9416053
9416930
9417491
9420137
9421502
9422228
9424236
9426819
9428095
9429120
9429453
9431995
9435554
9438667
9438816
9443139
9446526
9447069
9451894
9454176
9455288
9456626
9458345
9458380
9461149
9461275
9463458
9463497
9463737
9464597
9466038
9467139
9468319
9469881
9471101
9473905
9481850
9485217
9487533
9487549
9488817
9489098
9489345
9490683
9491614
9492473
9497799
9502802
9504133
9504883
9505001
9506118
9506714
9512036
9512783
9514133
9514779
9518903
9519086
9521086
9523764
9526330
9530617
9531701
9534150
9540238
9541905
9542556
9542745
9543578
9545601
9546542
9548742
9550782
9553646
9555296
9556517
9558826
9561297
9561689
9561767
9564306
9565567
9567459
9569744
9584164
9585230
9586151
9587086
9590445
9592868
9593989
9594114
9602530
9606399
9607603
9609651
9609659
9609941
9610910
9615671
9618602
9620299
9622102
9624559
9627104
9627607
9627955
9634024
9634179
9636534
9641124
9646365
9646381
9647881
9652026
9655953
9661561
9664425
9664657
9664914
9666825
9667565
9668810
9673512
9677441
9677992
9678090
9678910
9678911
9681726
9683312
9685038
9685085
9685273
9687415
9694727
9697443
9699297
9700816
9702334
9705532
9706633
9711444
9711712
9717381
9719639
9719838
9720146
9721312
9723296
9727084
9730120
9730721
9733627
9735587
9735749
9737249
9739641
9740036
9741616
9743751
9747228
9749372
9749487
9750869
9752014
9752375
9754041
9754692
9755260
9759287
9759678
9761513
9762408
9765422
9766246
9769490
9769864
9770385
9771621
9772570
9775892
9780424
9783879
9787016
9803089
9804499
9804928
9808785
9809557
9811747
9813802
9814869
9821397
9821399
9822134
9834823
9834914
9835713
9835935
9839787
9840232
9841320
9841412
9841655
9842313
9843614
9843721
9846879
9847017
9847771
9847785
9851821
9852678
9854298
9854368
9856234
9858680
9859308
9869084
9873208
9874743
9876235
9880404
9881873
9885136
9886133
9887322
9888095
9889517
9891395
9898382
9904679
9909460
9910689
9911551
9911992
9912160
9912861
9917042
9920058
9920458
9920767
9924022
9927051
9929326
9930152
9932648
9934387
9935720
9935845
9937944
9942044
9944179
9945354
9947615
9947940
9950967
9951754
9952565
9957666
9957953
9957966
9962972
9963938
9963963
9968172
9969876
9973545
9977967
9980702
9984468
9985247
9988737
9989860
9990427
9990489
9991487
9992752
9994687
9995038
9996102
9996762
9997895
